'1012230' 0.117884725645139 0.123386867650703 -0.317839580298313 1.65122011510552 1.13725739242276 0.918413711564422 -1.26355997300167 -0.0120893589065764 0.542966044154984 -0.29593094725703 0.654940050548898 0.656863367937838 -0.771888362918149 0.869265232622658 -0.588285695592897 0.38973309196681 -0.271898063069223 0.277523095473541 0.641017809702704 0.208263496189874
'1017540' 0.0852275595584893 0.0167718864201731 0.0861422656067327 0.204150154944241 -0.173097842512002 0.284148509370442 0.0130946590521059 -0.251314599024854 -0.0404007044545398 0.0694114691034461 0.365546482145154 -0.0296067237266805 -0.188961297134016 0.0395927909282253 -0.318402685660511 -0.0119330198062322 -0.0020138559282743 0.0311147353530569 -0.140558844176772 0.00761934576260544
'1018710' 0.0957148246854073 0.0762262604809432 0.135472405077381 0.175497864715499 -0.225553352425313 0.227183291212426 0.194792322531883 -0.307404059208032 -0.146433925826137 0.00397539266538106 0.522992491036383 -0.0393535321231988 -0.33642037451979 -0.0498340340205001 -0.387182910669259 -0.0274493784553543 0.0941113504473773 -0.00692914046465187 -0.357731272441205 -0.0318929636060018
'1020330' 0.470992459439713 -0.227436964939702 0.159153340706067 0.118321200786382 -0.14926885776238 -0.0102202891030675 -0.237522521184836 0.286684941982998 -0.252686108106787 -0.178784511935228 -0.102599103968172 -0.00638562886939619 -0.303854268538806 -0.181094203268219 -0.196613223621307 -0.048087764508199 0.548997079479481 -0.261352253943527 0.457450139377456 0.0385608694310111
'1020780' 0.0957148246854073 0.0762262604809432 0.135472405077381 0.175497864715499 -0.225553352425313 0.227183291212426 0.194792322531883 -0.307404059208032 -0.146433925826137 0.00397539266538106 0.522992491036383 -0.0393535321231988 -0.33642037451979 -0.0498340340205001 -0.387182910669259 -0.0274493784553543 0.0941113504473773 -0.00692914046465187 -0.357731272441205 -0.0318929636060018
'1021770' 0.0957148246854073 0.0762262604809432 0.135472405077381 0.175497864715499 -0.225553352425313 0.227183291212426 0.194792322531883 -0.307404059208032 -0.146433925826137 0.00397539266538106 0.522992491036383 -0.0393535321231988 -0.33642037451979 -0.0498340340205001 -0.387182910669259 -0.0274493784553543 0.0941113504473773 -0.00692914046465187 -0.357731272441205 -0.0318929636060018
'1022940' -0.34599961653681 0.206107980351338 -0.325566256478206 0.139833265119344 0.177883393443351 0.542956494261446 0.0751448923616889 0.220906320717183 -0.454527726702426 0.003194191461597 -0.228533541662453 0.161905123046769 0.0594629925548714 0.195536124865983 -0.574615334090463 -0.772644005141934 0.194938714190612 0.327579392582036 0.15315918716254 0.0440212934113416
'1023660' 0.153814555157947 -0.202816878605722 0.205874445287792 0.855611408737596 -0.294700384203727 0.808352260021084 -0.469256316496722 -0.415010741882242 0.186841618675099 0.270220410131354 0.131429847546505 0.1382387075588 -0.0387087559745894 0.250863514279447 -0.259084494214113 -0.0937581486852344 -0.310821850529173 0.320067506307882 0.0287428728600863 -0.032416235190233
'1025010' 0.0957148246854073 0.0762262604809432 0.135472405077381 0.175497864715499 -0.225553352425313 0.227183291212426 0.194792322531883 -0.307404059208032 -0.146433925826137 0.00397539266538106 0.522992491036383 -0.0393535321231988 -0.33642037451979 -0.0498340340205001 -0.387182910669259 -0.0274493784553543 0.0941113504473773 -0.00692914046465187 -0.357731272441205 -0.0318929636060018
'1028070' 0.434789666944465 -0.191818927540421 0.160117426983565 0.35903260448808 -0.297304733356882 0.119666648198547 -0.124374041012843 0.0682445767735264 -0.424856475906792 -0.0600595517840501 0.208484121150031 0.118719735838023 -0.414345815335646 -0.219783354946422 -0.400867120159188 -0.156382506603745 0.681780677696086 -0.132438530609226 0.260115993636715 0.186307023334923
'1034280' 0.0988496350810957 -0.0980452672897607 0.289750794954873 -0.113670716307677 -0.346700861482209 0.428240616081731 -0.356883786993296 -0.229484787153929 0.31291399638935 0.416446694792346 0.209707634402542 0.141205046504147 0.387334134763334 0.0480560141272134 -0.288054793770305 -0.105102176868326 0.0281422366846706 -0.0341508909602181 0.116264545750929 0.144668369070661
'1036620' 0.0957148246854073 0.0762262604809432 0.135472405077381 0.175497864715499 -0.225553352425313 0.227183291212426 0.194792322531883 -0.307404059208032 -0.146433925826137 0.00397539266538106 0.522992491036383 -0.0393535321231988 -0.33642037451979 -0.0498340340205001 -0.387182910669259 -0.0274493784553543 0.0941113504473773 -0.00692914046465187 -0.357731272441205 -0.0318929636060018
'1037610' 0.0195104790258565 -0.00337242155583915 0.0748638320770492 0.235406532200279 -0.158875662240189 0.360738063964445 -0.179889475313967 -0.249271281879886 0.0673170041132315 0.107192332876804 0.317857986061546 -0.0562318730621368 -0.0632517509956976 0.09099624623761 -0.176792793729761 -0.0504447142600658 -0.0270868699910549 0.0538972128313415 0.117775481183536 0.114935540428403
'1038780' 0.11156774035922 0.0922455229958138 -0.431956774325703 0.884167053345277 0.103959945100055 1.0124018163404 -0.690110327508945 -0.0210180533771694 -0.135686471261473 -0.312190591758485 -0.0181380199016488 0.00582836095929218 -0.30114112974195 0.304931739270855 -0.464059616032712 -0.47202012989246 -0.095209234028209 0.742795203345468 0.191917271273078 0.0474215861500823
'1039500' 0.148139289370534 0.119124177358217 0.0969544035168007 0.143700921515132 -0.151032622812164 0.118571659309763 0.225652362231869 -0.196307962658133 -0.202175699098474 -0.0344527985420798 0.418355228560935 0.0592512569460098 -0.365031098170989 -0.029504990132595 -0.465230581265417 0.025820862617176 0.0851597076159145 0.00233739202836264 -0.483933885470664 -0.11382708538257
'1040670' -0.0713136339188631 0.156484349850692 0.507759500633767 0.590484297284631 -0.0863924220735142 0.105321277477447 -0.0502240972729183 1.06778077832232 -0.458465989544995 -0.123629941164111 -0.171910146457885 0.776874441756272 -0.597145276929218 -0.897259211433582 -0.947648567944656 0.132003699713093 0.198740331573125 -0.402482503356207 0.86158137710171 0.970683212411095
'1040850' 0.0957148246854073 0.0762262604809432 0.135472405077381 0.175497864715499 -0.225553352425313 0.227183291212426 0.194792322531883 -0.307404059208032 -0.146433925826137 0.00397539266538106 0.522992491036383 -0.0393535321231988 -0.33642037451979 -0.0498340340205001 -0.387182910669259 -0.0274493784553543 0.0941113504473773 -0.00692914046465187 -0.357731272441205 -0.0318929636060018
'1041570' 0.288183122876579 0.0134339571413385 0.064986832223342 0.0958223615578129 -0.127018714745873 0.00817689909908932 -0.0809389770862556 0.181625001311767 -0.029050373187618 -0.0883103364183602 -0.0471581712338897 -0.0457694550091983 -0.140279719316167 -0.139524551610819 -0.0711817244045096 -0.0557617801666215 0.200292163257004 -0.0995078827874918 0.212229633183108 -0.00704060734452963
'1041750' 0.0868486919458114 -0.197313547983157 0.0851829935251527 0.842039513903997 0.122654232783614 0.864856098434486 -0.686688216184047 -0.392361518575307 0.19209308260853 0.328858303770594 0.136947497455904 0.349176433811858 -0.216644437090385 0.416175873542494 -0.464829140513255 -0.0180611457712101 -0.330566476341674 0.03961849908689 0.228033129294898 0.0222861703072896
'1045530' -0.37514700598237 -0.132608688203941 0.257599810639015 0.00960087507112661 -0.156105654139794 0.0568375633773461 -0.114685062016118 0.411261742868856 -0.875547359531504 0.217787820638786 0.0685971987698745 -0.103631198287608 0.0813522112949727 0.0331415785692588 -0.261725193213972 0.106561514468604 -0.758691208265607 -0.445429555068508 0.130497040674913 0.189369261605916
'1045980' 0.00671605363437742 -0.00271910060905556 0.00453242376970652 0.0155446599661831 -0.000359336946920632 0.0152383658388947 -0.00844401807935755 -0.00346241408336225 0.00321265940161826 0.00577301478142024 -0.0104680328394534 0.00638001222144675 0.00550415402891441 0.000139674925292331 -0.000869147789412021 -0.00277961608651123 -0.0114199584545298 0.00148779120043613 -0.00753436060832814 -0.0098913721063497
'1047420' 0.871548880876683 -0.098707545164103 0.103054010715978 0.46153011601159 -0.19845058854068 -0.271130854172059 -0.156160867042897 0.688695295235308 -0.141582256240353 0.315217938820849 -0.0616857155226335 -0.111596590424544 -0.484408463059281 -0.679876684124223 -0.296277744571008 -0.277143300995708 0.519662412729425 0.187765814465004 0.467707924386603 0.65543663628908
'1049850' 0.0957148246854073 0.0762262604809432 0.135472405077381 0.175497864715499 -0.225553352425313 0.227183291212426 0.194792322531883 -0.307404059208032 -0.146433925826137 0.00397539266538106 0.522992491036383 -0.0393535321231988 -0.33642037451979 -0.0498340340205001 -0.387182910669259 -0.0274493784553543 0.0941113504473773 -0.00692914046465187 -0.357731272441205 -0.0318929636060018
'1052460' -0.49953222940159 -0.147054933136906 -0.139746165614155 1.18987189071964 -0.323149514837564 -0.0410844937469482 -0.322023727042883 0.445719101813242 0.14973171758338 0.0264763375848301 1.06695442470549 0.105977411302171 0.100748212352472 0.240704131962707 -0.0784699633216944 -0.0618449839180243 0.28608131261237 0.507267406197948 0.0877597274941128 -0.143426955791578
'1057320' -0.0529937901323123 0.00435449171388902 -0.00940581194564996 0.246883422058917 -0.130912143486356 0.290502806360768 -0.100514641093831 -0.309851799408879 0.0467926792503523 0.0201606854839362 0.392737811145204 -0.229385425744949 -0.149445453052778 0.103643412509961 -0.0378848949965755 -0.0477550318697699 -0.0246940120078942 0.0846935671946778 0.244735851066185 0.17156741038495
'1057500' 0.030161281582903 0.0452218143461747 0.694972393941266 0.129583687046443 -0.116772497258304 0.246473172247711 0.0201236868209914 0.343722464897032 -0.0508797230268126 -0.03350730143484 0.107349634019243 0.311396595572727 -0.575036767382801 -0.171414695856292 -0.318919789698742 -0.211876455653078 0.489539712545211 -0.143164409393582 -0.0647402480693405 0.0110881353415723
'1061730' 0.456758669707105 0.150793075322995 0.321867533638962 0.949109048519042 -0.0872551826197559 0.933682094739359 -0.489263342590414 0.255282881237837 0.0429573714453767 -0.20319656957276 -0.301833545620613 0.195345129860473 0.281534242614583 -0.0847883025092316 -0.325397305614206 -0.0857472965702045 -0.593286769087406 0.288795846638896 -0.376683264458187 -0.31784610003077
'1061910' -1.62920949877475 1.32278997260803 0.0415399030189456 1.23031300564766 0.0464136207606052 0.970594665454559 -0.51153057830221 -0.72642426072603 -0.834135389014054 -0.834648087290273 -1.18697473413213 -0.533522647002909 -0.314777915730248 0.781257979266558 -2.04440655300344 -0.984667035994215 1.14394321026429 1.20591014262564 0.114528215132402 -1.39892573963862
'1070280' 0.145143563633461 0.315718980288569 0.383171161373524 0.276146709521078 -0.30989977878986 0.64228194280905 -0.340021873914676 0.130072806187619 -0.0326954570338901 -1.34458578448509 -0.187573496770744 -0.309038601073797 0.715824973514013 -0.301057119581612 -0.080671843747435 0.170413452618176 -0.232912323693681 0.573489989958798 -0.390806314152236 -0.140190576910111
'1071450' 0.675128937684001 -0.170829436121985 0.133990298274696 0.36185693659899 -0.110087612968814 0.0198723750620264 -0.123417246287527 0.524400621630437 -0.157265302401551 -0.0742572702489593 -0.113609302698193 0.140881862530748 -0.518566667212885 -0.124060641578567 -0.184971014257312 -0.0303211095943491 0.534481734696595 -0.280762787167678 0.539157291736681 0.233099066008965
'1072350' 0.0957148246854073 0.0762262604809432 0.135472405077381 0.175497864715499 -0.225553352425313 0.227183291212426 0.194792322531883 -0.307404059208032 -0.146433925826137 0.00397539266538106 0.522992491036383 -0.0393535321231988 -0.33642037451979 -0.0498340340205001 -0.387182910669259 -0.0274493784553543 0.0941113504473773 -0.00692914046465187 -0.357731272441205 -0.0318929636060018
'1073160' 0.0957148246854073 0.0762262604809432 0.135472405077381 0.175497864715499 -0.225553352425313 0.227183291212426 0.194792322531883 -0.307404059208032 -0.146433925826137 0.00397539266538106 0.522992491036383 -0.0393535321231988 -0.33642037451979 -0.0498340340205001 -0.387182910669259 -0.0274493784553543 0.0941113504473773 -0.00692914046465187 -0.357731272441205 -0.0318929636060018
'1079190' -0.0141640253785405 0.00154419323532717 -0.00429368248489064 0.0689420538016454 -0.0325648612047151 0.0793502040118621 -0.0284080996734593 -0.0800446959274922 0.00909159636976136 0.00446394511413723 0.0970695147512471 -0.0543201674332358 -0.0390060041586992 0.0302909825709661 -0.0134138616318174 -0.0120949665869693 -0.00766511500271135 0.0234769244572062 0.0607524887835456 0.0406297457619796
'1080900' -0.0932269944241036 -0.0222612206523241 -0.120743600746413 1.65884324710516 -0.79153763530541 0.134988219469145 -0.310563541552415 -0.59963730528584 -0.261460345270656 0.239672762962171 0.32907885428802 0.833563887320852 -0.505761007728943 0.669310443106421 -0.575882763361606 -0.0284119845663964 0.438987578786764 0.404901046909978 -0.0755689001889422 -0.367932118427057
'1080990' -0.0603033567958653 0.0147086921796107 -0.0224938062227392 0.281626367949596 -0.138604617718783 0.304117098090533 -0.106012166500308 -0.335031480375157 0.0369795392628817 0.0127872301868129 0.428697185366861 -0.245241328275546 -0.182525500136925 0.125676826826174 -0.0468553671549861 -0.043559113592678 -0.0267103665511275 0.0998873676726748 0.262713782081993 0.184742325202793
'1081710' 0.101652028928215 -0.116781779801066 -0.0825215053937619 0.988789445060353 0.296706116856965 0.737486928683683 -1.23385489905074 -0.186831793138822 0.129122223853446 0.130366896897794 0.595117666905327 0.450728009980787 -0.454938297735432 0.465770052185338 -0.469132588043572 -0.141827474691999 -0.0970308831707908 0.111630067158496 0.0485520570675255 0.0597653371526208
'1084590' 0.211224597849649 -0.139940846099555 0.0279308254859121 0.802807866263965 0.16088536881544 0.412160141976608 -0.32055565442812 0.089227892152439 -0.0277090041590794 -0.273613152257744 0.0027038024181739 0.0751218528247138 -0.228145968505688 0.164063802761376 -0.214520118229248 0.132450214393598 -0.148850486419469 0.294590489626579 -0.139445823325613 0.179833733476301
'1084770' 0.828017057221543 -0.261226062800719 0.257244224980557 0.339785450073162 -0.222917371285065 0.070700692285754 -0.316154434611603 0.532274583263474 -0.236072969725543 -0.238096819682325 -0.18111781980959 -0.0294674410395283 -0.443238136872031 -0.290780928482649 -0.275282410725284 -0.0829803144899463 0.6483051703372 -0.371696019323242 0.654500525293919 0.0472013739015585
'1085490' -0.0310317594276866 -0.111284177566712 -0.21042601309828 0.759512329869917 0.447788743296494 0.467202905309501 -0.611859304383924 -0.242692403858822 0.0666282339593779 0.238398905331438 -0.178622077293852 0.557656504891056 -0.387058006409621 0.600596196236767 -0.355220536725664 0.110786340192786 -0.255791488235587 0.0556260805820454 0.288110283723485 -0.198015461977353
'1089090' 0.0957148246854073 0.0762262604809432 0.135472405077381 0.175497864715499 -0.225553352425313 0.227183291212426 0.194792322531883 -0.307404059208032 -0.146433925826137 0.00397539266538106 0.522992491036383 -0.0393535321231988 -0.33642037451979 -0.0498340340205001 -0.387182910669259 -0.0274493784553543 0.0941113504473773 -0.00692914046465187 -0.357731272441205 -0.0318929636060018
'1091430' 0.134717442976455 -0.0572523759363133 0.145122707416735 0.398912149460403 -0.151884239883349 0.688080084032727 -0.308019996168984 -0.537989698467066 0.0857145638472065 0.420959079592328 0.429864709820292 0.324511218515692 -0.204228496395725 0.263138248403909 -0.684415558881965 -0.0128307649840884 -0.0589819147560072 -0.0133508598032273 -0.0869706580280774 -0.0788546939584273
'1094490' 0.0957148246854073 0.0762262604809432 0.135472405077381 0.175497864715499 -0.225553352425313 0.227183291212426 0.194792322531883 -0.307404059208032 -0.146433925826137 0.00397539266538106 0.522992491036383 -0.0393535321231988 -0.33642037451979 -0.0498340340205001 -0.387182910669259 -0.0274493784553543 0.0941113504473773 -0.00692914046465187 -0.357731272441205 -0.0318929636060018
'1095390' 0.0180039891052093 -0.0253659706959779 0.140234756300819 0.00571389332600545 -0.172671321233648 0.243035599925114 -0.161557252676891 -0.156916739477251 0.145107612106753 0.174797452981743 0.209953645921059 0.00452705523321128 0.113216156718955 0.0266368936446816 -0.12699501331329 -0.0491113929986541 0.021460880915409 0.000448344951045133 0.0786271261822175 0.0986531470041968
'1096920' 0.083229869866751 -0.129429069675726 0.0362552832082482 0.681325522806521 -0.0748900447381002 0.642555831495556 -0.285054499999453 -0.429040444814571 0.121412332686036 0.148176185587886 0.264398232646877 -0.156693442895737 -0.183553469818377 0.200005823434643 -0.105018405422532 -0.0778308673250792 -0.335326161830683 0.218459688595844 0.166459977811353 0.0850754922989306
'1097190' -0.156199063222067 0.0903881336136133 0.00758624389605437 0.195735533130857 0.298230970300203 0.313753419181323 0.210852657212207 0.16995944904717 0.0868422880499784 -0.118904486927729 0.293144382854108 -0.0765924847999248 -0.144539098252229 -0.115765484953154 -0.121167316134903 -0.633409514435321 0.127691853468028 -0.106286430996654 -0.148333633951963 0.0170800227596822
'1098000' 1.15214793256925 -0.129331262972358 -0.155442898937694 0.628682665058055 -0.0128061947512258 0.478927045811065 0.240499126264627 1.0808091921985 -0.046762180295574 0.22321278838188 -0.172718679569771 0.876741533212686 -0.848036384310701 0.0244488536239668 -0.241609525144021 -0.0814477632582129 0.581780374469277 -0.40340957308224 0.653619793911514 0.890918986107108
'1099710' -0.636322172243465 -0.190563483859818 0.149406459436291 2.14248073253163 -0.0711804005137978 1.42837387901175 -0.725061244670263 0.448471150879657 -0.140782453345128 -0.0852806930757345 -0.500873488676648 0.402779371970588 0.112825573936859 0.421832140536217 -0.75903539782881 -0.100749124488864 -0.0213388394267451 -0.0416635639361225 -0.308428845149056 0.603280161368479
'1100610' 0.185733415196607 -0.0662917361367938 0.0441496043547107 0.0881002955132083 -0.0653973905758617 0.00445852355810557 -0.0424261430530674 0.147824829269799 -0.0745687962354738 -0.0309332847644143 -0.0297732627344621 0.023727196083593 -0.111567992502118 -0.0469281797804278 -0.0551535148970001 -0.0235844789873963 0.151094359289866 -0.0845246035524434 0.163935049794769 0.0582657091966461
'1101330' 0.0198462600033203 0.0375484447542519 -0.152586515211173 0.741340205675954 0.178420386941761 0.445109755837104 -0.334199474390398 -0.292691302375572 0.0747926171898471 -0.103723021688461 0.167805918786283 -0.121434835181433 -0.338376160177163 0.375959714875523 -0.0573605196644693 0.0918427018379769 -0.329633842405601 0.249825354791751 0.354316982917446 0.185451736089726
'1106100' -0.750439105446682 1.22974646780639 -0.0762194615894892 1.61496412975761 -0.277985004540171 1.29700746193144 -0.844315097276247 -0.295160607067343 -0.31581444122999 -0.451672572980001 -0.289850888390567 0.768634214317284 0.540577541965424 0.189962381513017 -0.935659842545751 -0.356516799494086 0.129917747854604 0.350658176045019 -0.313012589677396 -0.220703140215563
'1107630' 0.0957148246854073 0.0762262604809432 0.135472405077381 0.175497864715499 -0.225553352425313 0.227183291212426 0.194792322531883 -0.307404059208032 -0.146433925826137 0.00397539266538106 0.522992491036383 -0.0393535321231988 -0.33642037451979 -0.0498340340205001 -0.387182910669259 -0.0274493784553543 0.0941113504473773 -0.00692914046465187 -0.357731272441205 -0.0318929636060018
'1110150' -0.0769943328326102 0.08492736492892 -0.0729379967090761 0.251110504061087 -0.0878103139015197 0.125463054015662 -0.0846872654491019 -0.186457242783045 -0.0602739482558093 -0.0415088716892792 0.247185426722372 -0.0801765662007126 -0.202431782725015 0.153721154712267 -0.0276581242580992 0.0146001850428099 -0.00661303237578338 0.111501774395368 0.149492882846105 0.0749047409425704
'1110870' 0.0957148246854073 0.0762262604809432 0.135472405077381 0.175497864715499 -0.225553352425313 0.227183291212426 0.194792322531883 -0.307404059208032 -0.146433925826137 0.00397539266538106 0.522992491036383 -0.0393535321231988 -0.33642037451979 -0.0498340340205001 -0.387182910669259 -0.0274493784553543 0.0941113504473773 -0.00692914046465187 -0.357731272441205 -0.0318929636060018
'1113030' -0.23621826174134 -0.142639705928924 0.453161273510363 -0.138049899003878 -0.292033750423164 0.687378527055384 -0.645452369274785 -0.614415703181142 0.186360341826339 -0.866342815036956 0.275892649968309 -0.0687965849726035 0.752374714165478 -0.0824646012065487 -0.277514451205493 0.139067014055128 0.105690123336247 0.348774523254582 -0.215626080455384 0.136626246304411
'1113390' 0.0957148246854073 0.0762262604809432 0.135472405077381 0.175497864715499 -0.225553352425313 0.227183291212426 0.194792322531883 -0.307404059208032 -0.146433925826137 0.00397539266538106 0.522992491036383 -0.0393535321231988 -0.33642037451979 -0.0498340340205001 -0.387182910669259 -0.0274493784553543 0.0941113504473773 -0.00692914046465187 -0.357731272441205 -0.0318929636060018
'1113840' 0.234859506251735 0.212567017936002 0.125242239582681 0.404360746343829 -0.104440960777973 0.246932559492776 -0.24519614917685 0.100296467457287 0.0281006338846446 -0.382061039141544 -0.141554642902248 -0.0552738311151966 0.050376330281484 -0.119997792342326 -0.0272780969273588 -0.0335533444227744 -0.0987354062806201 0.195582456423452 -0.11161352343502 -0.130787445193664
'1114110' 0.0957148246854073 0.0762262604809432 0.135472405077381 0.175497864715499 -0.225553352425313 0.227183291212426 0.194792322531883 -0.307404059208032 -0.146433925826137 0.00397539266538106 0.522992491036383 -0.0393535321231988 -0.33642037451979 -0.0498340340205001 -0.387182910669259 -0.0274493784553543 0.0941113504473773 -0.00692914046465187 -0.357731272441205 -0.0318929636060018
'1114650' -0.0566603427611851 0.0124985496079064 -0.069651720030782 0.429175686450821 -0.0270217448560015 0.336648595247899 -0.225991099717636 -0.330348798469161 0.0612023422923202 0.00157823460265923 0.386240310875293 -0.167461623508596 -0.273168309597253 0.231968999447988 -0.0779929352251914 0.0082120553274356 -0.0785739663988958 0.136681644171463 0.315448449802485 0.169850401878586
'1116090' -0.0718098423413619 0.00590060387585768 -0.012745453216749 0.334542209011327 -0.177393999577186 0.393649155352079 -0.136203515769019 -0.419868230016847 0.0634069560095278 0.0273189677975587 0.532183869646119 -0.310831348673572 -0.202507772996778 0.140443193315265 -0.0513363609213578 -0.0647110029498323 -0.0334619038312815 0.114764988357927 0.331632118338064 0.23248438467787
'1116360' -0.0955641155794875 -0.128823876821675 0.162768277176676 1.50340640020129 -0.859344122104551 0.421946443001723 -0.327435933347046 -0.59271857481658 -0.153894274803577 0.416111859426661 0.28866501716206 0.639481767883748 -0.233258536891989 0.509935745293827 -0.837431157698483 -0.0950147786442198 0.29702284910665 0.483386501085515 -0.514052306477041 -0.37246537500425
'1117890' -0.600783383280991 0.610400245415165 0.0595504704109444 1.682060927412 -0.959269391549493 -0.56420339561793 -0.610391984074599 -2.26780407260283 -1.20750973768063 -0.172838645762925 -0.532574138057818 0.63334361252762 0.53565252973011 0.361071538135018 -0.345703762728036 -1.00661432391075 1.1461191480663 0.23265867906975 0.0108275279263837 -0.0364685825475695
'1118520' 0.0353254253974212 -0.0731539348833883 0.0343016285651476 0.476062964448804 -0.0827985818888875 0.478188897443784 -0.209728446855966 -0.301847548617332 0.0408055767908366 0.0679225590755016 0.249057698524983 -0.137761612780348 -0.134203308178233 0.141863105785431 -0.0970782007763594 -0.0488099785984853 -0.219903304010178 0.120032159576211 0.143709210385982 0.0858962029913895
'1118610' -0.448628408984032 -0.11557631675735 -0.332030087975599 0.0609415816453881 0.235021346373986 0.195623331674379 -0.373128586540942 -0.255428840326193 0.0635141864405318 -0.0331092666250805 -0.486776624733963 -0.19437798894691 -0.159556659529485 -0.487039726424262 -0.397259320108729 0.520105686611294 0.541178344247781 -0.0152082098187658 -0.294940185459274 0.563655687517575
'1120050' 0.0957148246854073 0.0762262604809432 0.135472405077381 0.175497864715499 -0.225553352425313 0.227183291212426 0.194792322531883 -0.307404059208032 -0.146433925826137 0.00397539266538106 0.522992491036383 -0.0393535321231988 -0.33642037451979 -0.0498340340205001 -0.387182910669259 -0.0274493784553543 0.0941113504473773 -0.00692914046465187 -0.357731272441205 -0.0318929636060018
'1125000' -0.0288591354505621 -0.00704692155349157 0.325395541786897 1.73837760072374 0.0538597174357425 1.143024046107 -0.865113616369703 0.382214220443158 -0.376111620839495 0.0774231588552543 -0.107143003277935 0.284196271271708 -0.00627963771545222 0.281470015876388 -0.747711621670751 -0.0788838180455561 -0.525335941507243 0.572710430267927 0.0268970565179297 0.0748618100204988
'1128870' 0.0957148246854073 0.0762262604809432 0.135472405077381 0.175497864715499 -0.225553352425313 0.227183291212426 0.194792322531883 -0.307404059208032 -0.146433925826137 0.00397539266538106 0.522992491036383 -0.0393535321231988 -0.33642037451979 -0.0498340340205001 -0.387182910669259 -0.0274493784553543 0.0941113504473773 -0.00692914046465187 -0.357731272441205 -0.0318929636060018
'1130940' 0.0957148246854073 0.0762262604809432 0.135472405077381 0.175497864715499 -0.225553352425313 0.227183291212426 0.194792322531883 -0.307404059208032 -0.146433925826137 0.00397539266538106 0.522992491036383 -0.0393535321231988 -0.33642037451979 -0.0498340340205001 -0.387182910669259 -0.0274493784553543 0.0941113504473773 -0.00692914046465187 -0.357731272441205 -0.0318929636060018
'1131570' -0.945526670577207 0.845458305358627 0.129872273305559 0.125633905839159 -0.216598286201825 0.96282944140015 -0.174192270009704 -1.03915260606181 -0.525941769010626 -0.554438733087933 -0.667838531677821 -0.00679624167980211 0.238873963691513 0.292124374090858 -1.7883855897134 -0.757894386369913 0.724479540269624 0.350919127878182 -0.198823524454817 -1.22922728653503
'1132110' 0.31719839516983 0.00808736823659575 0.339628625595778 0.392653673960607 -0.420561986974154 0.87690539906806 -0.371831985403144 -0.324132918080738 0.202818529491877 0.341284224941436 0.123015069229264 0.246491256373778 0.376683214381591 -0.0803209737892255 -0.534227404345358 -0.144137045930671 -0.169399905856842 0.14214163574049 -0.217021803817773 -0.111818956547474
'1133910' -0.285621518301192 0.205078764004838 -0.0347814699220793 1.00375897052008 -0.839286689613842 -0.0900244808121194 -0.241581324800482 -0.226430207245183 -0.637720794259047 0.123703143531308 -0.0257591052987232 0.201727029411118 -0.221174102515062 0.181474258279732 -0.506024417801645 -0.149620165416849 0.323243317085404 0.627409726858496 -0.521325766361149 -0.865442688072369
'1142550' 0.0957148246854073 0.0762262604809432 0.135472405077381 0.175497864715499 -0.225553352425313 0.227183291212426 0.194792322531883 -0.307404059208032 -0.146433925826137 0.00397539266538106 0.522992491036383 -0.0393535321231988 -0.33642037451979 -0.0498340340205001 -0.387182910669259 -0.0274493784553543 0.0941113504473773 -0.00692914046465187 -0.357731272441205 -0.0318929636060018
'1144080' -0.840258683811992 0.441690147147624 -0.212951596708046 0.252787480340547 0.499233770348654 0.746136997023901 0.21416974545195 0.107371903547554 -0.315564428904052 0.403311346382933 -0.22985941919536 0.273862455286534 -0.154412976116755 -0.601330479306766 -0.596547020799929 -0.232586087254043 0.452491603753274 0.268988474388867 0.565097552220502 -0.511622093610433
'1147230' -0.297496983062743 -0.341825631668796 -0.109393573610678 0.654279463663739 -0.829498343021011 0.148879657454318 -0.399305062780998 1.25560422961173 -1.41984647464466 -0.0466924784063144 -0.288086659853727 0.338160123186911 -0.345602675333761 -0.232672571902766 -1.18198236073658 -0.772603746665039 -0.574898902620996 -0.333983811999814 0.783801900133742 0.697346199734519
'1148400' -0.118058860279876 0.283489583078135 0.054869144283208 0.552799911143824 -0.435852099534211 -0.512948221364949 -0.0950927844133412 -0.923071984070252 -0.521172424457144 -0.0247239131870153 -0.36762816583532 0.38037067833167 0.360989801231927 0.0675815606905398 -0.00523837047104906 -0.362585030557241 0.510356889307542 -0.0912825094450796 -0.119299301645439 -0.00393192561120635
'1151190' 0.541917980939424 -0.146245887436227 0.13466252411817 0.16698404820348 -0.165162405074551 -0.0265257926901017 -0.136344570097933 0.371973782199568 -0.141320695064604 -0.0411582567440295 -0.0847197811890946 -0.0185220589172054 -0.355394549574661 -0.194831665991644 -0.163280792904839 -0.0687776342232009 0.455680471790458 -0.251408569661623 0.466987168723607 0.071333606887424
'1151910' 0.255017591201564 -0.233808169554025 0.252690007805627 0.337491865283765 -0.0660709555997969 0.462492226776121 -0.243504066517471 -0.0335961607248943 0.218231134001277 0.281147090433246 -0.268383089998842 0.203519033858581 0.254329866045413 -0.0411995080632001 -0.144340305501151 -0.099395734528872 -0.297139195768252 0.0791681990399312 -0.186379493573241 -0.135548229444379
'1162260' 0.0957148246854073 0.0762262604809432 0.135472405077381 0.175497864715499 -0.225553352425313 0.227183291212426 0.194792322531883 -0.307404059208032 -0.146433925826137 0.00397539266538106 0.522992491036383 -0.0393535321231988 -0.33642037451979 -0.0498340340205001 -0.387182910669259 -0.0274493784553543 0.0941113504473773 -0.00692914046465187 -0.357731272441205 -0.0318929636060018
'1162350' -0.0589767832842532 0.279576663218956 0.0950263895990567 0.0396153143910322 0.0638993693619912 -0.01102913188592 -0.237468140896259 0.326752549516404 0.150128238804244 0.167277032574913 0.570181641612424 0.335246858183017 0.387524387006364 -0.123986356415504 -0.180171671909849 -0.0601215140092078 0.184919275936371 0.0209325901892166 -0.0747439510297511 -0.028835446161451
'1162530' 0.0108945085786397 0.00768882876705427 0.0911135913170271 0.244876567052039 -0.215875429492793 0.410466385720809 -0.181821209761204 -0.308717118722951 0.079108602500638 0.145991517418488 0.394929843436601 -0.0830980193250741 -0.0599972820950586 0.0994901052139706 -0.204439190832048 -0.0663556428143193 -0.0243180195332989 0.0600460675096009 0.142555594111488 0.147652072611883
'1164240' 0.335465783134068 -0.3695045558565 0.295049946572016 0.640686740874242 0.0641439123072224 0.751992383382352 -0.409899646308868 -0.0189995336710131 0.142497269196182 0.311420893800584 -0.451988675829356 0.271417013888676 0.262241611685571 0.0151128218450857 -0.183461191152783 -0.0989804153302379 -0.60227150048861 0.0748091924946149 -0.275762993879558 -0.21720359530043
'1169910' -0.192669912243696 0.135528658594643 -0.345262482461194 0.460415742247614 -0.111083186389501 0.125397692473584 0.12465852877667 0.205788550574792 0.0647093183580028 -0.199483886604511 0.500897729267554 -0.43347914502563 -0.059098748875004 0.258812308630136 -0.0935315641847143 0.0847590684650234 -0.00573989717197677 0.294328788332659 0.249911266498956 0.137874189151532
'1170000' 0.519854790448953 -0.245122095320133 0.150847462053174 0.537697161061077 -0.0784486616730031 0.298284221796322 -0.267835480450928 0.198269935108945 0.0470594222687778 0.0195992408396395 -0.164528025360118 -0.00496322627587906 -0.272757378320372 -0.0475506269877927 -0.115505403021166 -0.0783131338208909 0.118748303694579 -0.07004998582587 0.442663823813569 0.152557101378939
'1171350' 0.0154507907551462 0.00454577996717168 -0.233502579957351 0.0242822193642146 0.0758681395753393 0.173731013879927 0.0964717140137697 0.054580381175765 -0.0565377253719544 -0.0337677775952166 0.0189919950148071 0.106454399815452 0.0753722321396042 0.0160112951491198 -0.0450669951969892 -0.385261023860615 0.0283743971329468 0.0243130386103581 -0.06093953870589 0.0632527865624947
'1172970' 0.614701133094392 -0.22650644619599 0.17827124284794 0.186315926853319 -0.209290655300661 -0.00483265662721915 -0.23543951905436 0.401422506844415 -0.268283119485954 -0.172743474139733 -0.124395059692446 -0.0042195832123622 -0.387883488633107 -0.239481120921169 -0.238001617566476 -0.0813109355196565 0.6187186496262 -0.328118860522631 0.555866283863734 0.0610517089194617
'1176390' 0.621200381721017 -0.111932759750219 -0.0215131848270367 1.14604380324801 0.200280472834132 0.237237838622625 -0.339818054243658 0.302072187738758 0.240941624166213 0.0732446983620033 -0.0316259282059969 0.185460911464052 -0.810891985815111 0.224515290619129 -0.243175241164744 0.0558213772930977 0.0779010344236723 0.0165058019822281 0.435376606229823 0.164278119950721
'1177380' -0.256867119043149 -0.0249520027194857 0.2007508450958 0.653644117016654 -0.24018203991558 0.21467255570741 -0.222842281057305 0.742590101763514 -0.8591858391678 0.221854841879789 0.267010521085569 0.132032675748472 0.410155853751208 0.0430019110480638 -0.479459762765534 -0.0672694456797326 -0.312405380314426 0.00842940711098273 0.116111446048343 0.518832569308294
'1180800' 0.753677353144609 0.227004853988125 0.0909594955226072 0.24044432829459 -0.314147520633105 0.0918721271882944 0.135037657445466 0.613415230633521 0.260456294963382 -0.128764104143802 -0.0465228209611196 -0.145807597465013 -0.24644914719891 -0.347309627771888 -0.00444278624157053 -0.0821539886452013 0.164584774896777 -0.0249334522409038 0.306746318720109 0.165218178222272
'1181340' 0.681280201391727 -0.197279822663638 0.139099275615921 0.270021652235408 -0.176007682986834 -0.00591276616647832 -0.155547120659726 0.482124595306388 -0.140172306503421 -0.0733990633162098 -0.109103500705766 0.0277042533858446 -0.444134589626647 -0.20385519202238 -0.188636210717844 -0.0792644920249715 0.547436671936038 -0.301761866151519 0.551214803153083 0.141125473571337
'1181880' 1.03563491476759 0.255856149375736 0.296486663261004 0.79467074073552 -0.262565709530615 0.586338291600741 -0.327104978256355 0.688576905916503 0.148571394745067 -0.558477246152386 -0.321739402073864 -0.0795255802896103 -0.193680738055426 -0.375478399412961 -0.194575020361987 -0.0879909699680367 0.0697577542261145 0.0253004997017222 0.322278724117302 -0.106465276442569
'1185570' 0.445261716118495 0.373513251727229 0.281328736290518 1.4883041387521 -0.242445820147998 1.15954259734321 -0.58238373256608 0.40112237763855 0.194731355915264 -0.674656891156826 -0.306935871869706 0.0759082596739471 0.314033653377518 0.0952435742653331 -0.271675424483804 0.0405622817424747 -0.743393733148715 0.718815467668646 -0.305921397945453 -0.367674336082382
'1187100' 0.675582815612172 0.144603322640721 -0.0148706074652593 1.4835784006444 0.033976678897285 0.517699708925985 -0.506693691978965 0.49587987728509 0.265404893142585 -0.362018481825383 -0.0250345683797805 0.177950314830839 -0.899939621562259 0.247270641157049 -0.120272845751033 0.133913676909576 -0.0169989530031728 0.253356296903903 0.605849806413047 0.03909291382216
'1187640' 0.156480897031833 -0.063293854471572 0.166500086859185 0.228191764030837 0.0676425676356965 0.340243854495061 -0.285293710060809 0.0382003456329791 0.0917104646775286 -0.7325638684105 -0.120313746935199 -0.0187119412511855 0.169416137035071 -0.0786122133591233 -0.0490462373005951 0.135173056741203 -0.0496515449887013 0.192369850482319 -0.1781786797633 0.0165851697811036
'1190160' 0.195368601756182 -0.249526332051023 0.24692975803657 0.833581510254065 0.102776244768444 0.829362686716264 -0.513676039560167 -0.0209805263111601 0.0663128380228066 0.188984460530519 -0.281279442472217 0.299864292925554 0.102698211031939 0.192682336331555 -0.3097292656656 -0.042703677957957 -0.515926944300147 0.146028416544311 -0.0977568802402507 -0.0495591257957739
'1190970' -0.140087096497264 0.0305069366068805 -0.198532461935426 0.655158030166227 0.0369610538219499 0.280881858748755 -0.207407851054459 -0.265089290050607 0.0161232135628672 -0.0942300817910327 0.358711212007757 -0.189426250295532 -0.391424019760296 0.361364477053077 -0.0647176221513055 0.0712761471429355 -0.0776981289049517 0.273599129682667 0.402690743697983 0.168133398871981
'1191240' -0.334422700809949 -0.219809417758359 0.124114053534599 0.297233125757066 -0.213489040191593 0.0943075162244754 0.245059989963468 0.0205090904916519 -0.0192636866264206 -0.0376263443143514 -0.207573315168674 -0.297110345786361 0.135694850649342 0.0263603735364371 -0.0486164458580178 -0.170078449398515 0.279805448210043 0.0258457644986486 -0.0862093543910527 0.0761092306921021
'1191420' 0.40907045759059 0.235706928254964 0.105139805856794 0.432544640842741 -0.0439389494070703 0.404036930939969 -0.124862442118782 0.27390543584432 0.189485425448234 -0.300615841872989 -0.141637240473379 -0.1106570307056 0.0975653022125858 -0.153822653553229 0.00818159565538537 -0.0463552166933514 -0.321882555159347 0.188945450116314 -0.127784365163418 -0.169290140651437
'1192230' 0.110364410722777 -0.077590256701458 0.0834446643044136 1.00133763898687 -0.161751868346116 0.632709297608608 -0.347749854925952 -0.437929898869698 -0.0881007805413851 0.180622174995595 0.27525661635636 0.281329830888749 -0.45965841644401 0.357040394556712 -0.550289892547098 0.00645579265213449 -0.230844146140195 0.300060426643383 -0.321210509060895 -0.333535137076144
'1197090' -0.126472667091074 -0.10862337408365 -0.0937930193721335 0.11914084712963 -0.192117689375496 -0.303050471229698 -0.00930631764311559 -0.119792612204572 0.175470700997033 -0.173759821074875 -0.135581073814696 0.116324183098059 0.0249936608186912 -0.351976447903608 -0.310396637365859 -0.23658150257722 -0.130651619396645 -0.0278133164696336 0.00690047306736366 0.459818587784868
'1197180' 0.255727874363778 -0.0800531681972486 0.170207479915336 0.48359793704646 0.0987958400784249 0.474997059081996 -0.292971676667824 0.0299654064677323 0.137489540732915 -0.203957119539306 -0.278866073204458 0.0892182013169926 0.107477206231827 -0.00692384938647381 -0.086591865809762 0.00636656552010683 -0.344308052400883 0.145152836873538 -0.166307332191118 -0.122413951174994
'1197540' 0.0957148246854073 0.0762262604809432 0.135472405077381 0.175497864715499 -0.225553352425313 0.227183291212426 0.194792322531883 -0.307404059208032 -0.146433925826137 0.00397539266538106 0.522992491036383 -0.0393535321231988 -0.33642037451979 -0.0498340340205001 -0.387182910669259 -0.0274493784553543 0.0941113504473773 -0.00692914046465187 -0.357731272441205 -0.0318929636060018
'1197720' 0.0957148246854073 0.0762262604809432 0.135472405077381 0.175497864715499 -0.225553352425313 0.227183291212426 0.194792322531883 -0.307404059208032 -0.146433925826137 0.00397539266538106 0.522992491036383 -0.0393535321231988 -0.33642037451979 -0.0498340340205001 -0.387182910669259 -0.0274493784553543 0.0941113504473773 -0.00692914046465187 -0.357731272441205 -0.0318929636060018
'1199250' 0.0595119516228302 -0.00508465532297624 -0.114769221318131 0.932129920691 0.22781531953337 0.591180185058594 -0.460435894651975 -0.262617666840021 0.112486984307841 -0.0714754442423882 0.148559131315623 0.0318525485233753 -0.385577415190192 0.470174054451163 -0.171738053964658 0.0976780428444628 -0.354676657072462 0.278827276355691 0.340205812358892 0.128204658055534
'1201860' 0.116627133438164 -0.131638991857459 0.267756380728412 0.0434088711164397 -0.3310865492612 0.612573336044094 -0.42729759045931 -0.251377651168522 0.303520323142992 0.613008099542306 -0.0338462287616857 0.334099488460619 0.582933734822662 -0.0155307794447753 -0.366562883481388 -0.133468732039168 -0.0537928634719649 0.0444320824708167 0.0496901470507871 0.0276134487623726
'1207980' 0.0724322260529593 -0.107696648434303 0.24020462807834 0.203896938895807 -0.0782015785923054 0.483268914795809 -0.39657629752731 -0.175503139727388 0.223177654055996 -0.250316326860661 0.104303436401081 0.0758879052171024 0.223936458502795 0.0256816202291288 -0.151406186259513 0.0608889648883549 -0.015369963249498 0.116560859570722 -0.0739314237287135 0.013133637120643
'1208610' 0.492923484982735 0.198306155747504 0.360201619615712 1.07165384959765 -0.00263208882656837 0.372063471105339 -0.0757589362624976 0.696085784083581 -0.232529135697255 -0.135881633407069 -0.238777250795249 0.28909808013239 -0.157535936657204 -0.0555943889332182 -0.431858271243777 -0.106774863913879 -0.450219802574138 -0.354505026056996 0.347941681616922 0.753079169958478
'1208880' 0.0957148246854073 0.0762262604809432 0.135472405077381 0.175497864715499 -0.225553352425313 0.227183291212426 0.194792322531883 -0.307404059208032 -0.146433925826137 0.00397539266538106 0.522992491036383 -0.0393535321231988 -0.33642037451979 -0.0498340340205001 -0.387182910669259 -0.0274493784553543 0.0941113504473773 -0.00692914046465187 -0.357731272441205 -0.0318929636060018
'1209060' 0.127253852619616 -0.100948298135641 0.0726816900949371 0.164193169947998 -0.339084876659126 0.761338494737864 -0.457837739340974 -0.456747069407559 0.131324611442438 0.719525451833155 -0.192543405416002 0.585360032514769 0.446718194650059 0.185985826552505 -0.548876975189486 -0.216240405883159 -0.0123552670288517 -0.115242598767994 0.108313529616839 -0.197219257718219
'1220850' 0.0957148246854073 0.0762262604809432 0.135472405077381 0.175497864715499 -0.225553352425313 0.227183291212426 0.194792322531883 -0.307404059208032 -0.146433925826137 0.00397539266538106 0.522992491036383 -0.0393535321231988 -0.33642037451979 -0.0498340340205001 -0.387182910669259 -0.0274493784553543 0.0941113504473773 -0.00692914046465187 -0.357731272441205 -0.0318929636060018
'1221030' -0.0427320334511157 0.00351128472064228 -0.00758446357003152 0.199076733775925 -0.1055622192836 0.234249628268845 -0.0810509117167207 -0.249851868005103 0.0377317102626744 0.0162567554490066 0.316687771179853 -0.184967062398408 -0.120506725090316 0.0835738255238131 -0.0305488359342422 -0.0385077122097337 -0.0199122452749455 0.0682934422584462 0.197345020017182 0.138344970257577
'1223010' 0.545074711340555 -0.0400796537369149 0.279366971123898 0.968283824937529 0.296319604845925 0.415719665027849 0.0048589042444146 0.0222470411679216 0.355431222663805 0.153259704935956 -0.397888646966423 0.319250056759638 -0.0744614821969977 0.0290100323611814 -0.132205941935913 -0.0639619356369519 -0.366370868390192 -0.0735613137379697 -0.246750590618775 0.475925756668392
'1225530' -0.018468340162079 -0.120529703967546 0.149567648775964 1.18498436441254 -0.566169978550637 0.999158424176564 -0.252019007230087 0.839308409359333 -1.42305781785663 0.597521326594305 -0.289994476820426 -0.0894365017119979 0.368032297429084 0.352190895271949 -0.298344500858168 -0.107188541898077 -0.740573654542759 0.251333632091529 -0.118835102605312 -0.0658718898403814
'1226430' 0.117599724897025 -0.0254622496507593 -3.40213305484449e-05 1.05123324315076 0.192284878592283 0.77202371671819 -0.481265828941964 -0.261342569210092 0.0700999919976535 0.0214100189347265 0.0988599878389757 0.032986144525513 -0.275583952846735 0.374290017166172 -0.237624841304674 0.0585830502533011 -0.443017141398773 0.200928982736597 0.196912118539203 0.196085743334198
'1228320' 0.263199810460647 -0.498072665171085 0.26822655600139 1.15852139730717 0.328503306947494 1.03908168756899 -0.786381072244854 0.115836950404577 -0.245322677812802 0.116791284347214 -0.320862763261137 0.292542061069501 -0.0847778232395828 0.359096151953736 -0.259984343117912 0.0850536995861537 -0.819664623204207 0.0348014026060641 -0.142319974514814 -0.113310195915293
'1234440' -0.58309275899295 0.183204547575172 -0.082557430638885 1.55428853787227 0.101834126879201 0.916695640069832 0.45712922826011 0.0476243352527867 -0.143317483721188 -0.0198387544927061 -0.821550061658476 0.0858424997525215 -0.636446660344582 0.299609629750036 -0.814206597419073 -0.648523984682516 0.71785247687474 0.187407060085201 -0.745302248272429 -0.00894175030951172
'1235340' 0.0957148246854073 0.0762262604809432 0.135472405077381 0.175497864715499 -0.225553352425313 0.227183291212426 0.194792322531883 -0.307404059208032 -0.146433925826137 0.00397539266538106 0.522992491036383 -0.0393535321231988 -0.33642037451979 -0.0498340340205001 -0.387182910669259 -0.0274493784553543 0.0941113504473773 -0.00692914046465187 -0.357731272441205 -0.0318929636060018
'1237230' -0.112705091819917 0.143304031291857 0.0180082364941516 0.639965484331619 -0.159116137968946 0.814720597960735 -0.313213802091031 -0.281243329055211 -0.161099099491829 0.00550972280108603 -0.574206802181413 0.343154934244797 0.185015554640851 0.0690514498261404 -0.481083186455504 -0.274293558205737 -0.023248276701605 0.0213593719232695 0.0629669905023784 -0.249570999166488
'1238310' 0.00908247006658674 -0.00156730863003643 0.00534807936447158 0.0218787324925032 -0.012202075549676 -0.0015403972437326 0.0223062748117617 -0.0206697620374498 -0.0200395156230522 0.0036565724320334 0.00805019922152585 0.0116202985257126 -0.0188163846616116 -0.00473114491955343 -0.0220924522587888 -0.00256399860579515 0.00767069655687077 -0.00313313997481191 -0.0362550581188522 -0.00884025651841388
'1241460' -0.0605603822640255 0.0189800309929183 -0.0276773107798274 0.28312432016106 -0.134723090264442 0.293997818846848 -0.102853793581817 -0.328882800767577 0.0301178163102488 0.00846018572515844 0.422665967830586 -0.239475918217095 -0.18868280001847 0.129551253848719 -0.0486709968995996 -0.0390919768435719 -0.0262245363134018 0.101828444588826 0.257024873778409 0.181003404362679
'1243260' 0.0957148246854073 0.0762262604809432 0.135472405077381 0.175497864715499 -0.225553352425313 0.227183291212426 0.194792322531883 -0.307404059208032 -0.146433925826137 0.00397539266538106 0.522992491036383 -0.0393535321231988 -0.33642037451979 -0.0498340340205001 -0.387182910669259 -0.0274493784553543 0.0941113504473773 -0.00692914046465187 -0.357731272441205 -0.0318929636060018
'1245060' -0.143404665054662 -0.055662427080476 -0.021168197902912 0.260914692008289 -0.214935642076991 -0.0942594163578571 -0.00845346084573795 0.249816190564133 0.125317790841844 -0.0581628212540361 0.102695194800661 0.193599219109725 -0.0227446557060928 0.273928096610241 -0.024302507454346 0.189994712786256 0.102838585035875 0.18208716008231 0.0132102806516639 0.0255854400061865
'1248480' -0.0011835290574559 -0.0336948886568889 0.128077791883226 0.308465794305781 -0.19959309480801 0.445606080219961 -0.32331366843638 -0.286767824602826 0.121466101191202 0.185188656932837 0.300706746705814 -0.00622787108096839 -0.00963962483484433 0.124492201129136 -0.179467712856786 -0.0638421672167542 -0.0429806462981518 0.0779079432709943 0.147327348289598 0.1220638741632
'1250820' 0.340137059286964 0.00725203427251665 0.0829359850783557 0.690883512891559 0.00170605283436959 0.338003652349223 -0.199952974127032 0.221693833216732 0.00654918934651674 -0.137553728155958 0.329804816826144 -0.214321531070019 -0.572554447662293 -0.0679437488783024 -0.0834210199126169 -0.309196632122522 0.323039300289882 -0.189901267190401 0.63892633881105 0.240077647249902
'1252170' -0.615165893639202 0.444106570122796 -0.260999187596904 0.0475154805357107 0.190243753841618 0.553298193410662 -0.00221624112516394 0.111055243037996 -0.633621511693585 0.150634943567182 -0.568506475756372 0.0373989600267315 0.0332047526235629 0.244207085266572 -0.950861051020211 -0.968597754944174 0.422034687880978 0.486150050567416 0.214488763815301 -0.123906873424535
'1253250' 0.0957148246854073 0.0762262604809432 0.135472405077381 0.175497864715499 -0.225553352425313 0.227183291212426 0.194792322531883 -0.307404059208032 -0.146433925826137 0.00397539266538106 0.522992491036383 -0.0393535321231988 -0.33642037451979 -0.0498340340205001 -0.387182910669259 -0.0274493784553543 0.0941113504473773 -0.00692914046465187 -0.357731272441205 -0.0318929636060018
'1254330' 0.00230023838205364 0.367256495537284 0.248839906873911 0.176478070976925 -0.242586277090364 -0.104451248518733 -0.0719323695409743 -0.298128969351627 -0.337568037636266 -0.0571280220028732 -0.0313195505631607 0.337578214013134 -0.117338658680007 -0.153980454341284 0.525214189812429 -0.199194944764559 0.0512182313397916 0.0272631308260832 0.0265520376857983 0.059637890627983
'1254780' -0.408551671011318 -0.00785525328323016 0.186820740223793 0.118708271175441 -0.212379774669473 0.0751491022993909 -0.111316184523784 0.309123976639596 -0.700630254426256 -0.0816212130831146 -0.0412722180854252 0.0356980221608757 0.217989648166231 -0.13965816166207 -0.459174990815495 -0.048648461986862 -0.617160703745827 -0.220567321374071 0.17468351973018 0.289851057583606
'1256580' 0.369709057397904 -0.620098420596577 0.256612046507273 0.562446725938838 -0.386290758721843 0.0585423775365545 0.357018814529233 0.524276341121649 0.0348322807314906 0.349316909627253 -0.272029185966784 -0.246520943562765 -0.463742777341174 -0.326522117991015 -0.0515565735640124 -0.269234455983482 0.540829615467775 -0.223263048416822 0.357900407110616 0.125678661179068
'1258740' 0.0957148246854073 0.0762262604809432 0.135472405077381 0.175497864715499 -0.225553352425313 0.227183291212426 0.194792322531883 -0.307404059208032 -0.146433925826137 0.00397539266538106 0.522992491036383 -0.0393535321231988 -0.33642037451979 -0.0498340340205001 -0.387182910669259 -0.0274493784553543 0.0941113504473773 -0.00692914046465187 -0.357731272441205 -0.0318929636060018
'1259280' -0.381610363311615 0.114253244652379 0.220515230927817 1.10689143869779 -0.77528201724014 -0.473858190057933 -0.396517169422878 -0.378673161802567 -0.581845123070627 0.00556563726343116 -0.1809010641675 0.396527983739966 -0.0457622510173835 0.126395364768427 0.133879686666757 -0.389004678029092 0.564105401634787 0.449666702284974 -0.363111709117108 -0.371259524316107
'1261350' 0.0957148246854073 0.0762262604809432 0.135472405077381 0.175497864715499 -0.225553352425313 0.227183291212426 0.194792322531883 -0.307404059208032 -0.146433925826137 0.00397539266538106 0.522992491036383 -0.0393535321231988 -0.33642037451979 -0.0498340340205001 -0.387182910669259 -0.0274493784553543 0.0941113504473773 -0.00692914046465187 -0.357731272441205 -0.0318929636060018
'1261620' 0.155349545106319 -0.107846764630687 0.107359328188933 0.492769737378721 0.104012139662155 0.246745224840862 -0.363265344753506 0.0515934404256626 0.0145686741680676 -0.39478945083892 -0.1195841919485 0.0934295789362912 -0.0958734495813912 0.05368941507668 -0.118040679065477 0.0559980625419688 -0.0220245010183327 0.112029946242833 -0.0694632522633329 -0.0455361907062516
'1265940' 0.402894244508559 -0.0527800225541682 0.398967866651086 0.987855498955855 -0.238579136952851 1.12797046550447 -0.491747842105975 -0.310800748034755 0.235960712342668 -0.035470501321391 0.212748045551684 0.0357288694572355 0.0636120912072412 0.0388604159180751 -0.459497206742944 -0.107255149211333 -0.449332558436523 0.304612279198623 -0.198757116484856 -0.0109260132412437
'1267740' 0.587871863124955 -0.86624542216709 0.685625096176845 0.492283823398666 -0.176626787009869 0.592563731015217 -0.839447528238001 0.197182600952795 -0.96120741129294 -1.58374493310277 -0.100140346571262 0.243735458829884 0.251620687303171 -0.179267951604284 -0.400778305043123 0.352121128790521 0.973909446785645 -0.242592209288806 0.504519615524861 0.484546734389624
'1270530' -0.409259571213312 -0.228004430831391 0.0740709685377901 -0.0605380804114916 -0.00923521092004702 0.243465485475918 -0.279381570396849 0.338279186666192 -0.107637935095614 0.0364628476994535 0.0588167499123185 0.275120729273349 -0.32783315752858 -0.0342679904348168 -0.0304667438236696 -0.534577478224204 0.30365561629294 0.421529790380928 -0.177267438720452 0.0398483707666715
'1276470' -0.339451842175021 0.0153339502470661 -0.0371926167712287 0.158390398655236 -0.2373493906212 -0.289687462959482 -0.134071153371635 0.293364300874895 -0.18025549814982 0.0671044495211026 0.0130452430590954 0.0275506081052852 -0.0264901025642865 -0.50593533555433 -0.500850936153668 -0.228513539656214 -0.561518128308304 0.0489838814810933 0.0903998140040906 0.561408980055758
'1278270' 0.405780786239819 0.0337721745279092 0.229941424886107 0.637341373181492 -0.24044145037879 0.417024796848826 -0.107630667113128 0.444607675908215 0.172476400976619 -0.492417171257702 0.0528902537006695 -0.00665808460720515 0.0258108464583205 -0.131097564095972 -0.221675049101729 0.0905389887582106 0.00240532839885508 0.392235149839599 -0.14701709878149 -0.147005641685024
'1280430' 0.0307526587041536 -0.0392593418327252 0.203032653411133 -0.00106086808442737 -0.247826226116411 0.345165640971433 -0.237788587992169 -0.218269120150265 0.20881818907417 0.255781010897014 0.282393024003169 0.0194564149343121 0.172269927682838 0.04194653970955 -0.19087176167569 -0.0717669706839202 0.0292981132294345 -0.00405100337399814 0.110074729078883 0.137890797923743
'1282050' 0.00933703733327482 0.0757198799711019 -0.112170453504304 0.243118487435299 -0.082242371523453 -0.0872708247918624 -0.0725839553188281 -0.0277961134963369 0.0861224168646731 0.425266529159403 0.198508255015177 -0.353436108360131 -0.199535648220756 -0.386326902042763 -0.155959187714024 -0.142318123057493 -0.0585069091537897 0.615066641341098 -0.003052376689735 0.502190664679016
'1282770' 0.0249124740922977 -0.00411241307332286 0.00944878305386992 0.0222170560460468 0.000358274687938343 0.0191631044277228 -0.0128672920807992 0.00916424072306806 0.00616400552414836 -0.0322129634588642 -0.00829341757877594 0.0028686051164793 0.000599478436543792 -0.00807499990083941 -0.00558049288402751 -0.000506255937849974 0.00820305547954182 0.00498530375083034 0.000847834511247371 0.00944364114907996
'1288710' 0.0957148246854073 0.0762262604809432 0.135472405077381 0.175497864715499 -0.225553352425313 0.227183291212426 0.194792322531883 -0.307404059208032 -0.146433925826137 0.00397539266538106 0.522992491036383 -0.0393535321231988 -0.33642037451979 -0.0498340340205001 -0.387182910669259 -0.0274493784553543 0.0941113504473773 -0.00692914046465187 -0.357731272441205 -0.0318929636060018
'1291230' 0.186748252107411 0.00991428193638108 0.10894423953607 0.147705293077745 -0.162155634240945 0.159778361970806 0.338636881942363 -0.23705685252857 -0.206653451257839 -0.0339730836431857 0.41918002161742 -0.000660172817436092 -0.394979004420455 -0.0764663065305225 -0.491738214822322 0.0481735152105818 0.045149318889601 -0.0262267343988148 -0.554405370726318 -0.173146531610942
'1292310' 0.0957148246854073 0.0762262604809432 0.135472405077381 0.175497864715499 -0.225553352425313 0.227183291212426 0.194792322531883 -0.307404059208032 -0.146433925826137 0.00397539266538106 0.522992491036383 -0.0393535321231988 -0.33642037451979 -0.0498340340205001 -0.387182910669259 -0.0274493784553543 0.0941113504473773 -0.00692914046465187 -0.357731272441205 -0.0318929636060018
'1297800' 0.844381478978101 0.89011206480124 0.585905977759865 1.53638821812708 -1.20652472063635 -0.228636528791817 -0.541174594400829 -0.260216516295886 -0.860122634138638 -0.215177931766481 -0.553125950318222 0.791511511875654 0.00709674265564617 -0.27906234891266 0.424687544310776 -0.630907422506857 0.706529702981842 -0.0232192907665329 0.454292748188575 -0.0836363744114489
'1300500' 0.0957148246854073 0.0762262604809432 0.135472405077381 0.175497864715499 -0.225553352425313 0.227183291212426 0.194792322531883 -0.307404059208032 -0.146433925826137 0.00397539266538106 0.522992491036383 -0.0393535321231988 -0.33642037451979 -0.0498340340205001 -0.387182910669259 -0.0274493784553543 0.0941113504473773 -0.00692914046465187 -0.357731272441205 -0.0318929636060018
'1307880' -0.0831060896006091 0.133910685176891 0.0585503562228831 0.0961834400269877 0.175308891980951 0.0306797285902501 0.0511171536441866 -0.0119447675984291 -0.133595681528747 0.0742440311562045 0.0328204609740706 0.0617498906816243 0.135521949971537 -0.315678495482367 -0.125379809989256 0.212677086681312 0.0989019051173384 0.232624611182669 0.115092521166598 0.118781819166737
'1308960' -0.346527201261 0.0687747776917541 0.0598949884072665 0.0478056554009075 -0.105838811071311 0.238893691465922 0.0621487136727792 0.29546194359702 -0.892570429768756 -0.0687571950185976 -0.140014886587717 0.0689316004788776 0.35287116742074 0.0825300449266967 -0.557623475183544 -0.278806611192099 -0.314815114037462 -0.0779962034095562 0.198724838228054 0.407438819675492
'1309050' 0.364736087237189 -0.285426890550235 0.257697948089635 0.703738454064191 0.0965503437379195 0.720389379394984 -0.392669746183313 -0.00443464772910696 0.209785114983534 0.193654789164562 -0.429215657165735 0.240332549883352 0.196532821205334 0.0259399981321019 -0.152068962438127 -0.0994645211838681 -0.574351998939767 0.157085594294146 -0.262212493104028 -0.208767565638433
'1312470' 0.0957148246854073 0.0762262604809432 0.135472405077381 0.175497864715499 -0.225553352425313 0.227183291212426 0.194792322531883 -0.307404059208032 -0.146433925826137 0.00397539266538106 0.522992491036383 -0.0393535321231988 -0.33642037451979 -0.0498340340205001 -0.387182910669259 -0.0274493784553543 0.0941113504473773 -0.00692914046465187 -0.357731272441205 -0.0318929636060018
'1314810' 0.0562463986353334 -8.03167198044577e-05 0.0054721513128228 0.0193050024643463 -0.0145647514139546 -0.00434543033898501 0.00589081492203244 0.0423693794261363 0.00496491230954407 0.0144749676723144 -0.00556331641841857 -0.00157960827099948 -0.0350362631029839 -0.0180526770532562 -0.00646417902630961 -0.00903870322989731 0.0265092914305119 -0.0210980440236909 0.037770344320027 0.013194347622773
'1317240' 0.0484831941788087 0.627359570352694 -0.140959919945046 1.58566516157814 -0.636010387220288 0.317538775958006 -0.0490868466345475 -0.747454006852379 -0.520615495992924 0.462619509546379 0.0304651513126035 0.375576587145937 -0.465823617227329 0.315259786873689 -0.582960039099933 -0.39052387443048 -0.0573554324694002 0.34217358745976 -0.126826986225782 -0.383771284354591
'1318320' 0.607405374182051 0.0953117461783177 0.111878071327193 0.31547516900571 -0.239497545425069 0.152914908488529 -0.0338008330403881 0.477585492693685 0.116429665408305 -0.13623855250903 -0.0923520822195442 -0.0589802264502394 -0.183464016152903 -0.229984302126411 -0.0953447434719634 -0.0843560767997273 0.11980810208562 -0.0553619765613598 0.276134265211993 0.0936641929006583
'1318500' -0.767108726320253 0.444540306437102 -0.186294440848377 0.704745217250023 -0.185099125268542 0.222715539607732 0.19316562640256 0.55265185923679 -0.534398894472086 0.330547587041493 -0.111136594146128 0.0209294464017831 0.0123618718930422 0.125524933087047 -1.16067788439484 -0.512777530439855 0.523092373065845 1.28394394604738 0.0279687555841381 0.221451541632709
'1319400' -0.246399353130525 -0.241326378435225 -0.24767870638285 0.883217721343756 -0.178264350880777 -0.156379581837667 -0.248248182340747 0.241496611661121 -0.0289536804788926 -0.0378767697218255 0.111230352668066 0.211985679679669 -0.263016886690848 0.49192766756264 -0.135896024269622 0.188829970728287 0.139093947702204 0.559611161898877 0.0881151067407023 -0.0776428524857103
'1320480' -0.0940342411725694 0.0902218614758596 0.0808333535278226 0.24224115463565 0.46069017004422 0.136495773490418 0.0712846760825677 0.0435806492717102 -0.169139686323443 0.0228081516102248 0.361076447838747 0.163107720712191 0.201446095700558 -0.542943040854635 0.203176917269683 -0.265556204911616 -0.00289260813915516 0.0540235773572783 0.077108791488586 -0.0356267572498741
'1322100' -1.0775120484125 0.051756121385037 -0.558573447192083 0.909153806043523 -0.14660308785928 0.671081464870015 -0.473086437820212 -0.53319284145929 -1.12518103702733 0.0891647720985856 -0.494602594811886 0.714572525258327 -0.763649366971685 0.0191425330646143 -0.988409329622786 -1.18633302892826 0.656345915603907 1.65202769453603 0.630860758553378 -1.30813148594719
'1325250' 0.0763698616983426 0.0210998063036899 0.0727373410692877 0.0944025087638626 -0.123292042071966 0.136163520258988 0.129518382285782 -0.179003924613365 -0.0833996628378687 0.00419176446635946 0.28855252321633 -0.0271295369686263 -0.196364466506405 -0.0236699455255379 -0.247914124966663 -0.000155879128968393 0.0363107759540854 -0.00567911369784394 -0.225062143293045 -0.0385109209979484
'1327590' -0.162362163740741 0.223040614638642 -0.00724429849416501 0.0153281544539835 0.0741556494343214 0.218716909425599 0.171877058436452 0.111587825364514 -0.143589547804529 0.159893324729142 -0.0120200297654297 0.0830433456299521 0.0707523557722729 -0.514488158561613 -0.137309797411548 0.470002071639721 0.117779287330565 0.485882544751973 0.187783214562998 0.165170636502935
'1327770' -0.114227308834062 0.112919938640566 -0.100707541917667 0.660558174900349 -0.233046651944797 0.437571577434103 -0.375276130205091 -0.37034187079998 0.0122739354353647 0.0804722191046908 0.52114892579029 0.0327057401676231 -0.33822844234011 0.47947581302526 -0.295358560054846 0.102719669890804 -0.0473774977424719 0.260429564560151 0.343480007995429 0.166302386432283
'1332270' 0.25273335974772 0.890858660584723 0.296309584484152 1.26680386798732 -1.09340052331207 0.187034359644178 -0.279652968846625 -0.508939375860479 -0.681070386912725 -0.665439361691432 -0.412984095256405 0.230832528910999 0.17224399878276 -0.129043976305501 -0.0974526198710145 -0.350992371196508 0.0936718004985791 0.600617722677932 -0.523808847484694 -0.863363971256967
'1333980' 0.17366348571403 0.0154224474140171 0.195316584094149 0.600877272063434 -0.259166679407453 0.752243682121736 -0.359495487876431 -0.290309488397859 0.150862678076996 0.15394119426174 0.325297430029887 -0.034388412399877 0.00298663374706404 0.0927556073402592 -0.303381696589109 -0.122362257251959 -0.212057617240493 0.159283064602907 0.0872565502933443 0.0912649439974688
'1336050' 0.185812196923591 -0.174036676588952 0.0408814282050828 0.606948097698774 0.465582950992458 0.394304939731148 -0.380118082932803 -0.0773315188602042 0.195778553847187 0.00205800336064323 -0.238671049471777 0.305683486782618 -0.245129309273501 0.202016886024505 -0.137773318184121 0.0512573863793122 -0.354998104072478 0.00376657839260268 -0.0355311431972578 -0.0742363002698214
'1336950' 0.00968479172692045 -0.144273156049805 0.0209665830605223 0.328418893937141 0.0829021688461344 0.291258244392911 -0.273549223712313 -0.0821647532759023 -0.332753662433468 0.416801588033001 -0.190237342896506 0.312669509459394 0.0461207978658308 0.261216063471053 -0.208245421014683 -0.0717559141988824 -0.307388787819614 -0.218491621549215 0.0813995309450666 -0.171254472806951
'1338930' -0.0684003334385629 0.0723467063782523 -0.0147251585720323 0.851516348844334 0.0889452473759825 0.593189391497154 -0.353254662241785 -0.511407852436569 -0.0437404192706296 0.227160692525756 0.390901400059227 0.267223012704404 -0.669783119900866 0.449158598483829 -0.471090610641096 0.0613692446329793 -0.038517098388342 0.0994367872247695 0.195631085481207 -0.0421115783867466
'1339380' 0.269936064562094 0.275294142057875 0.466350465657519 0.85341956410239 -0.344331565846111 1.55700844998186 -0.788989209369436 0.0416898530611818 -0.212712022196012 -0.287805365200512 -0.292886151692595 0.198926012342019 0.78195406717848 -0.0542878153079305 -0.519008817004829 -0.113615126867393 -0.597105792545086 0.324423858849392 -0.278912249123154 -0.245562292797576
'1339650' -0.0425997366185733 0.159078570309707 0.0747083928238497 0.506749076685245 -0.401716167279462 -0.123670943930804 0.00268332672576549 -0.49813825982387 -0.292159980070139 0.0739268025108032 0.0494516285192026 0.158847789573971 -0.058077832223147 0.0257586554214733 0.0721924462823502 -0.208876783743713 0.180400101236512 0.0721106696368333 -0.0737261908325042 0.0290341102030943
'1340460' -0.387999604224149 -0.0956234652903036 -0.217006751512196 1.13703125612817 -0.197458910356196 0.00986988297847088 -0.344683028489038 -0.319523802348712 -0.212716346568472 -0.0854446776156279 0.337280975393444 0.118286979514642 -0.696071302782356 0.582033524206753 -0.320514035742674 0.124990771112671 0.255783440208674 0.399782053659357 0.0923020107604448 -0.0766899781832377
'1340640' 0.0957148246854073 0.0762262604809432 0.135472405077381 0.175497864715499 -0.225553352425313 0.227183291212426 0.194792322531883 -0.307404059208032 -0.146433925826137 0.00397539266538106 0.522992491036383 -0.0393535321231988 -0.33642037451979 -0.0498340340205001 -0.387182910669259 -0.0274493784553543 0.0941113504473773 -0.00692914046465187 -0.357731272441205 -0.0318929636060018
'1342170' 0.0957148246854073 0.0762262604809432 0.135472405077381 0.175497864715499 -0.225553352425313 0.227183291212426 0.194792322531883 -0.307404059208032 -0.146433925826137 0.00397539266538106 0.522992491036383 -0.0393535321231988 -0.33642037451979 -0.0498340340205001 -0.387182910669259 -0.0274493784553543 0.0941113504473773 -0.00692914046465187 -0.357731272441205 -0.0318929636060018
'1342800' 0.0957148246854073 0.0762262604809432 0.135472405077381 0.175497864715499 -0.225553352425313 0.227183291212426 0.194792322531883 -0.307404059208032 -0.146433925826137 0.00397539266538106 0.522992491036383 -0.0393535321231988 -0.33642037451979 -0.0498340340205001 -0.387182910669259 -0.0274493784553543 0.0941113504473773 -0.00692914046465187 -0.357731272441205 -0.0318929636060018
'1342890' 0.0957148246854073 0.0762262604809432 0.135472405077381 0.175497864715499 -0.225553352425313 0.227183291212426 0.194792322531883 -0.307404059208032 -0.146433925826137 0.00397539266538106 0.522992491036383 -0.0393535321231988 -0.33642037451979 -0.0498340340205001 -0.387182910669259 -0.0274493784553543 0.0941113504473773 -0.00692914046465187 -0.357731272441205 -0.0318929636060018
'1343970' -0.413476168494685 -0.236430727962007 -0.256489884916286 0.830741624384463 -0.189617854641364 -0.156543481485161 -0.435929211964546 0.0998661443131601 -0.0926200790854628 0.113029357616791 0.0971560192416191 0.154315421484474 -0.293429258185134 0.519615700739883 -0.199773090521045 0.0677169921113557 0.159325691672641 0.574461391386472 0.114253842729811 -0.151212459944984
'1344240' 0.133707306374639 0.0492143198453419 0.0625971676727571 0.78765419943778 -0.0859157281171643 0.778979189371797 -0.467926730063316 -0.320284665494232 0.230279241606091 0.105345967156371 0.284099557458126 -0.000913911473194056 -0.0679324173664748 0.239623238799118 -0.253458998915702 -0.0420752448523033 -0.302178304623855 0.266076448509579 0.208821009637832 0.0695507430869458
'1344870' 0.106881613021717 -0.0956916888408762 0.082298307914841 0.177891327192947 0.0149926536343414 0.205418248397701 -0.101401040559838 -0.0188356279076048 0.0643299224035551 0.108946562024092 -0.121627765414611 0.081186457341346 0.0736740576202525 -0.00572167165111762 -0.0485605693973674 -0.0375917646325828 -0.162560974915544 0.033829048527008 -0.0788344181980014 -0.0604605040368456
'1346310' 0.0291280872260706 -0.175959447061834 0.736967257316843 1.34916358431116 0.0908716078589941 1.39399973466891 -1.08818668473063 -0.0745574685245996 0.503834451589688 -0.0312076682805212 -0.00625170113693492 0.580251857919541 0.00299782987196237 0.0909057826138208 -0.461017648767722 -0.138472141926574 -0.233659270744787 0.195558853254119 -0.447792509379088 -0.200395794501966
'1347660' -0.0736197982988497 0.0344744899522554 -0.047428511675775 0.344984294333029 -0.151659390789293 0.326470917047849 -0.115253121848072 -0.379278300483257 0.0175965827784097 -0.00158538223449068 0.492521829610133 -0.272666541447252 -0.243943946926611 0.166533036206958 -0.0635442099248936 -0.0349171039274179 -0.0302551043235052 0.127892187479437 0.294005305383133 0.207773322019178
'1348380' -0.0935118233685426 -0.0753736431121916 0.292245930832837 1.43407208389984 -0.56351970534625 0.660348717364879 -0.897061143704152 -0.501612493488907 -0.0460174814019754 0.00604139535449655 0.484418662447795 0.380675543476365 -0.332556418303269 0.404354930718768 -0.163956762305188 -0.0913549276730504 0.14812923030691 0.565228543620085 0.146508623029815 -0.0257842545652603
'1350090' 0.0957148246854073 0.0762262604809432 0.135472405077381 0.175497864715499 -0.225553352425313 0.227183291212426 0.194792322531883 -0.307404059208032 -0.146433925826137 0.00397539266538106 0.522992491036383 -0.0393535321231988 -0.33642037451979 -0.0498340340205001 -0.387182910669259 -0.0274493784553543 0.0941113504473773 -0.00692914046465187 -0.357731272441205 -0.0318929636060018
'1354050' -0.0415035873608692 0.350383090605858 0.177958277097218 1.02978776094843 -0.106171832095246 0.730358699568753 -0.320657510627275 0.25908492894861 -0.334054772825611 0.0194821657582549 -0.333041639456796 0.0943060705662222 0.253455527471461 -0.0432831850218822 -0.68404298372722 -0.277023012206146 -0.377214515270389 0.400620197928005 0.00413418690599635 0.163714675589599
'1356840' -0.365912411254411 0.52095444088585 0.00918705751739355 1.21756408549098 -0.847149214482433 -0.642709121670453 -0.337678262356692 -1.61758895755879 -1.09015274645826 -0.144346715026387 -0.675861858249814 0.734027343324689 0.435322924248337 0.244975052120982 -0.331093891900157 -0.734678612077938 0.931443172898542 0.0911622818081035 -0.37811796305845 -0.42614848741528
'1373130' 0.0957148246854073 0.0762262604809432 0.135472405077381 0.175497864715499 -0.225553352425313 0.227183291212426 0.194792322531883 -0.307404059208032 -0.146433925826137 0.00397539266538106 0.522992491036383 -0.0393535321231988 -0.33642037451979 -0.0498340340205001 -0.387182910669259 -0.0274493784553543 0.0941113504473773 -0.00692914046465187 -0.357731272441205 -0.0318929636060018
'1378170' 0.0957148246854073 0.0762262604809432 0.135472405077381 0.175497864715499 -0.225553352425313 0.227183291212426 0.194792322531883 -0.307404059208032 -0.146433925826137 0.00397539266538106 0.522992491036383 -0.0393535321231988 -0.33642037451979 -0.0498340340205001 -0.387182910669259 -0.0274493784553543 0.0941113504473773 -0.00692914046465187 -0.357731272441205 -0.0318929636060018
'1379070' 0.0699858695539017 0.16438680987692 -0.183696108641712 0.170322598553532 -0.123139657789117 0.516958549127817 -0.0570094954666881 0.10174687609896 -0.0805944852778773 -0.263695576943204 -0.170707764653822 0.204334753699657 0.101876273848052 0.0166573623318717 -0.167534690788377 -0.301846004944045 0.0304290163679365 0.251151670015853 -0.0264365650752549 -0.186570436917176
'1380780' -0.407036234362126 0.00813756056743381 0.493455088902877 0.160277521544415 -0.120625086550836 0.71600548033558 -0.259960329544606 -0.104869407732184 -0.0624726860111906 0.512744515581607 -0.341671534250745 0.338261000540045 0.15178055699711 0.128296133615267 -0.670046792021378 -0.460415445797882 0.270490866281636 0.171467066235198 0.118323325469998 -0.0535330420391653
'1384740' -0.0124622507027873 0.431427719414592 0.171657058768785 0.375479314872481 -0.518903618389709 -0.293792335214719 -0.121818487681745 -0.415735744825764 -0.387520466963143 -0.00838858943156631 -0.158356898864412 0.335380181419635 0.194576229408703 -0.0399223929875686 0.394055265643889 -0.229240412422174 0.215327464506202 0.0243393692918879 0.0110442958695759 -0.0820353962856925
'1393470' 0.0751970794602285 -0.210635119773576 0.156164414102556 1.15986038545918 0.0783833398495729 0.907184598192324 -0.975571144708827 -0.249597703154469 0.00641361155358658 0.28269291425621 -0.354611132865764 0.523809590962401 -0.123670527685853 0.298600887910218 -0.287244480653379 -0.0293434246200593 -0.409061114995431 0.17357406072248 -0.132618863363018 -0.284180158376431
'1393560' 0.0957148246854073 0.0762262604809432 0.135472405077381 0.175497864715499 -0.225553352425313 0.227183291212426 0.194792322531883 -0.307404059208032 -0.146433925826137 0.00397539266538106 0.522992491036383 -0.0393535321231988 -0.33642037451979 -0.0498340340205001 -0.387182910669259 -0.0274493784553543 0.0941113504473773 -0.00692914046465187 -0.357731272441205 -0.0318929636060018
'1394640' -0.186363298424017 0.271933703090064 -0.268460692094408 0.380308433210677 0.172776754439517 0.096033342051747 0.0215111502296422 -0.130778135849224 0.0360112524258453 0.139978199044935 0.415112149221247 -0.173420602757005 -0.613544729883206 0.444217158815595 -0.0677828868667472 0.18610271440214 -0.0997556100601882 -0.0199274967387823 0.616363789818388 0.134166585069657
'1400400' 0.0957148246854073 0.0762262604809432 0.135472405077381 0.175497864715499 -0.225553352425313 0.227183291212426 0.194792322531883 -0.307404059208032 -0.146433925826137 0.00397539266538106 0.522992491036383 -0.0393535321231988 -0.33642037451979 -0.0498340340205001 -0.387182910669259 -0.0274493784553543 0.0941113504473773 -0.00692914046465187 -0.357731272441205 -0.0318929636060018
'1401660' 0.0806107295608452 0.0717551715366619 0.0834702467045231 0.444597289829544 -0.202421834571907 0.520127750961665 -0.224217744771264 -0.253348368791247 0.0791424589615496 -0.0645902666566035 0.339909899131429 -0.170731080158253 -0.0748930266684432 0.0785181247768422 -0.156210720019262 -0.0410143989835374 -0.115503153492656 0.175028785627458 0.150025613719817 0.124298457580532
'1402020' 0.123075425166073 0.0841353270381181 0.0572593521594272 0.186115571802723 -0.0133280825314356 0.186009735667793 -0.0672656322265095 0.0607426493633482 0.053422129351237 -0.0868277883189527 -0.066024843813839 -0.00809768327274997 0.0726330595447411 -0.0472728395077062 -0.0142344713669545 -0.016608931859019 -0.138615140410452 0.0817741513060004 -0.073486065550356 -0.0721142837842263
'1403010' 0.254486451917475 0.184440066654693 0.236935267817898 0.765893401315682 -0.178113259016014 1.02264332931586 -0.44029927430702 -0.0350222425381284 0.286726433283846 -1.00113620474451 0.234503020116913 -0.404405029965753 0.0970409104088378 -0.0104235378011455 -0.210150285880961 0.192046550059785 -0.237365020102694 0.654121148120146 0.0398734946463331 0.260221712099858
